201118013622027
201218012815017
201118016715027
201218000206103
201218007410001
201218012815012
201118013622033
201118017515003
2013E8009064098
201218013622033
201218001207017
201218001207015
201118013622037
201428011941089
2013E8009064117
201218000229092
201118006537038
201018011215062
201428011941090
2014E8011361055
201218013626084
201218002718009
201218007027021
201428011915058
201218013626082
2013E8009064109
2013E8009064125
201118003007006
201218013622032
201118017542022
2013E8009064106
201218013622039
2014E8011961078
201018011215054
201218000229091
201428011915044
201118017515010
201428018520024
201218002718006
201218003007010
2013E8010663050
2014E8009064091
201428007027084
201428011941087
201118015547016
201218013626067
201218013626077
201218013622004
2013E8009064112
201218007427014
201118016715028
201218005414007
201218005417009
