wangfei
yangbo
zhangjianming
chenhongda
wuguozhong
zhangmiman
fantao
zhaoyang
wuyican
201118003008047
201218012815017
201118016715027
201418006837080
201218007410001
201218012815012
201118013622033
201118017515003
2013E8009064098
201118013622037
2013E8009064117
201328009415016
201218000229092
2014E8011361055
201118003007007
2014E8006961055
201218017322011
201428011915058
2013E8009064125
201418017307015
201118003007006
201118017542022
2013E8009064106
2014E8011961078
201318002917007
201018011215054
201118002718009
201218000229091
201428011915044
201118017515010
201428018520024
2014E8011261081
201218002718006
2013E8000761065
201428007027084
201218013622004
201118017542020
2013E8009064112
201218005414007
201218005417009
